[s[?25l[m [m [m [m [m [m [m [0;38;2;0;28;6m▄[48;2;0;0;0m[38;2;0;144;30m▄[48;2;0;19;4m[38;2;0;192;39m▄[48;2;0;26;5m[38;2;0;192;40m▄[48;2;0;0;0m[38;2;0;146;30m▄[0;38;2;0;9;1m▄[m [m [m [m [m [m [m [m [m [m
[m [m [m [m [m [0;38;2;0;13;2m▄[48;2;0;43;9m[38;2;0;174;36m▄[48;2;0;182;37m[38;2;0;187;40m▄[48;2;0;191;40m[38;2;18;165;51m▄[48;2;35;171;64m[38;2;164;212;177m▄[48;2;115;187;132m[38;2;134;212;155m▄[48;2;52;166;78m[38;2;246;247;249m▄[48;2;0;94;22m[38;2;35;122;57m▄[0;38;2;0;0;0m▄[m [m [m [m [m [m [m [m [m
[m [m [m [m [48;2;0;0;0m[38;2;0;8;1m▄[48;2;0;107;23m[38;2;0;169;39m▄[48;2;0;182;41m[38;2;1;171;42m▄[48;2;0;175;42m[38;2;1;168;42m▄[48;2;65;164;90m[38;2;13;153;49m▄[48;2;231;245;237m[38;2;195;204;199m▄[48;2;43;181;78m[38;2;66;150;85m▄[48;2;131;210;152m[38;2;21;133;45m▄[48;2;79;132;93m[38;2;1;149;35m▄[48;2;0;3;1m[38;2;1;158;38m▄[48;2;0;0;0m[38;2;1;137;33m▄[0;38;2;0;59;14m▄[0;38;2;0;0;0m▄[m [m [m [m [m [m
[m [m [m [0;38;2;0;17;4m▄[48;2;0;48;11m[38;2;0;96;22m▄[48;2;1;168;42m[38;2;1;163;41m▄[48;2;1;167;43m[38;2;1;166;43m▄[48;2;1;167;43m[38;2;0;131;31m▄[48;2;0;130;31m[38;2;0;119;18m▄[48;2;0;118;20m[38;2;5;118;21m▄[48;2;0;131;23m[38;2;114;136;63m▄[48;2;14;129;30m[38;2;232;171;106m▄[48;2;78;120;50m[38;2;179;129;80m▄[48;2;0;19;5m[38;2;55;42;27m▄[48;2;0;0;0m[38;2;0;0;0m▄[48;2;0;0;0m[38;2;0;0;0m▄[0;38;2;0;0;0m▀[m [m [m [m [m [m
[m [m [48;2;0;1;0m[38;2;0;10;2m▄[48;2;0;117;24m[38;2;0;134;26m▄[48;2;0;134;28m[38;2;0;138;28m▄[48;2;1;161;40m[38;2;1;156;37m▄[48;2;1;145;37m[38;2;54;82;27m▄[48;2;3;109;21m[38;2;225;166;104m▄[48;2;86;130;53m[38;2;221;173;113m▄[48;2;218;175;111m[38;2;253;205;137m▄[48;2;106;83;55m[38;2;80;66;44m▄[48;2;252;200;133m[38;2;248;204;138m▄[48;2;152;121;80m[38;2;216;177;120m▄[48;2;96;76;51m[38;2;253;202;135m▄[48;2;132;100;64m[38;2;251;191;123m▄[48;2;73;56;37m[38;2;249;179;111m▄[48;2;0;0;0m[38;2;102;77;49m▄[m [m [m [m [m [m
[m [m [0;38;2;0;0;0m▀[48;2;0;114;23m[38;2;13;27;11m▄[48;2;8;115;25m[38;2;219;167;107m▄[48;2;35;118;39m[38;2;253;202;135m▄[48;2;118;47;1m[38;2;170;122;72m▄[48;2;110;48;8m[38;2;93;39;6m▄[48;2;120;74;36m[38;2;169;127;79m▄[48;2;254;208;141m[38;2;244;201;136m▄[48;2;244;201;136m[38;2;253;208;141m▄[48;2;254;209;142m[38;2;254;209;142m▄[48;2;253;208;141m[38;2;254;209;142m▄[48;2;253;208;141m[38;2;254;209;142m▄[48;2;253;204;137m[38;2;253;207;140m▄[48;2;251;189;121m[38;2;252;195;128m▄[48;2;186;136;85m[38;2;123;94;61m▄[0;38;2;0;0;0m▀[m [m [m [m [m
[m [m [m [48;2;79;61;39m[38;2;56;44;29m▄[48;2;250;184;116m[38;2;250;183;115m▄[48;2;249;200;134m[38;2;253;202;134m▄[48;2;188;155;105m[38;2;217;179;121m▄[48;2;252;207;141m[38;2;253;208;141m▄[48;2;254;209;142m[38;2;254;209;142m▄[48;2;164;132;89m[38;2;194;159;108m▄[48;2;85;53;30m[38;2;47;19;6m▄[48;2;151;116;76m[38;2;59;22;6m▄[48;2;171;134;89m[38;2;60;23;6m▄[48;2;155;118;76m[38;2;54;26;11m▄[48;2;169;134;89m[38;2;48;20;7m▄[48;2;112;85;55m[38;2;20;8;2m▄[0;38;2;1;1;0m▀[m [m [m [m [m [m
[m [m [m [0;38;2;0;0;0m▀[0;38;2;149;115;74m▀[48;2;237;189;126m[38;2;0;0;0m▄[48;2;191;156;106m[38;2;60;23;1m▄[48;2;138;94;51m[38;2;115;44;2m▄[48;2;222;180;121m[38;2;119;59;15m▄[48;2;254;209;142m[38;2;238;195;133m▄[48;2;168;137;93m[38;2;253;206;139m▄[48;2;85;45;26m[38;2;183;124;79m▄[48;2;75;24;11m[38;2;207;137;83m▄[48;2;211;156;99m[38;2;102;75;47m▄[0;38;2;6;5;3m▀[m [m [0;38;2;61;61;61m▄[48;2;0;0;0m[38;2;202;203;204m▄[48;2;0;0;0m[38;2;175;175;176m▄[48;2;0;0;0m[38;2;117;118;118m▄[m [m
[m [m [m [m [m [m [48;2;2;1;0m[38;2;0;18;4m▄[48;2;21;8;0m[38;2;0;64;15m▄[48;2;53;21;0m[38;2;0;87;21m▄[48;2;140;114;76m[38;2;21;68;37m▄[48;2;252;202;135m[38;2;92;101;86m▄[48;2;250;187;119m[38;2;71;105;43m▄[48;2;154;113;71m[38;2;1;24;47m▄[48;2;0;0;0m[38;2;0;0;0m▄[m [0;38;2;0;0;0m▄[48;2;31;31;32m[38;2;223;223;225m▄[48;2;236;237;238m[38;2;251;252;254m▄[48;2;236;237;238m[38;2;201;202;203m▄[48;2;205;205;206m[38;2;163;163;164m▄[48;2;161;161;162m[38;2;234;235;236m▄[0;38;2;47;47;47m▄[m
[m [m [0;38;2;30;30;30m▄[0;38;2;124;125;125m▄[48;2;0;16;4m[38;2;69;117;78m▄[48;2;0;88;17m[38;2;0;118;21m▄[48;2;1;140;29m[38;2;1;149;33m▄[48;2;1;152;35m[38;2;0;94;23m▄[48;2;0;143;35m[38;2;0;87;16m▄[48;2;1;97;36m[38;2;0;137;28m▄[48;2;19;73;182m[38;2;31;80;206m▄[48;2;3;128;49m[38;2;18;87;126m▄[48;2;6;122;71m[38;2;6;126;66m▄[48;2;12;67;84m[38;2;27;79;179m▄[48;2;0;105;20m[38;2;9;94;48m▄[48;2;0;83;16m[38;2;0;141;30m▄[48;2;223;223;225m[38;2;135;154;140m▄[48;2;251;252;254m[38;2;235;236;238m▄[48;2;213;214;216m[38;2;251;252;254m▄[48;2;213;213;214m[38;2;229;230;232m▄[48;2;250;251;253m[38;2;222;223;225m▄[48;2;113;113;114m[38;2;33;33;33m▄[m
[0;38;2;39;40;40m▄[48;2;75;75;75m[38;2;183;184;184m▄[48;2;217;218;220m[38;2;166;167;168m▄[48;2;249;250;252m[38;2;233;234;236m▄[48;2;241;242;243m[38;2;251;252;254m▄[48;2;132;149;136m[38;2;221;222;224m▄[48;2;0;68;17m[38;2;0;0;0m▄[48;2;0;1;0m[38;2;0;33;7m▄[48;2;0;123;22m[38;2;0;128;21m▄[48;2;0;143;31m[38;2;4;117;46m▄[48;2;30;72;178m[38;2;88;104;128m▄[48;2;122;138;173m[38;2;246;213;75m▄[48;2;72;107;190m[38;2;198;175;71m▄[48;2;34;86;221m[38;2;34;86;221m▄[48;2;179;167;83m[38;2;117;118;101m▄[48;2;8;31;7m[38;2;40;30;4m▄[0;38;2;8;17;11m▀[0;38;2;128;128;129m▀[0;38;2;61;62;62m▀[0;38;2;63;63;63m▀[0;38;2;10;10;10m▀[m [m
[48;2;81;81;81m[38;2;30;31;31m▄[48;2;212;212;213m[38;2;218;218;219m▄[48;2;190;190;192m[38;2;235;236;237m▄[48;2;150;151;152m[38;2;251;252;254m▄[48;2;251;252;254m[38;2;224;225;226m▄[48;2;243;243;245m[38;2;219;219;221m▄[48;2;23;23;23m[38;2;16;16;16m▄[48;2;0;53;13m[38;2;4;42;101m▄[48;2;1;102;47m[38;2;3;64;155m▄[48;2;20;78;160m[38;2;19;75;188m▄[48;2;49;83;159m[38;2;31;84;215m▄[48;2;199;152;24m[38;2;32;82;212m▄[48;2;126;113;85m[38;2;33;85;220m▄[48;2;34;86;221m[38;2;34;86;221m▄[48;2;33;84;216m[38;2;34;74;181m▄[48;2;1;3;7m[38;2;79;50;27m▄[0;38;2;82;51;26m▄[0;38;2;4;2;1m▄[m [m [m [m [m
[m [0;38;2;87;87;87m▀[48;2;215;215;216m[38;2;5;5;5m▄[48;2;242;243;245m[38;2;18;18;18m▄[48;2;129;130;131m[38;2;0;0;0m▄[48;2;2;2;2m[38;2;25;14;5m▄[48;2;4;2;0m[38;2;78;43;17m▄[48;2;8;44;105m[38;2;30;44;81m▄[48;2;1;62;149m[38;2;0;62;147m▄[48;2;9;69;168m[38;2;2;63;151m▄[48;2;24;79;199m[38;2;9;68;167m▄[48;2;30;83;213m[38;2;17;73;183m▄[48;2;30;79;203m[38;2;75;55;58m▄[48;2;68;65;103m[38;2;134;74;28m▄[48;2;112;71;49m[38;2;136;75;29m▄[48;2;144;83;36m[38;2;138;100;65m▄[48;2;143;93;51m[38;2;156;131;92m▄[48;2;71;51;30m[38;2;180;119;38m▄[48;2;2;1;0m[38;2;54;37;15m▄[m [m [m [m
[m [m [m [m [48;2;18;10;4m[38;2;118;100;78m▄[48;2;113;61;25m[38;2;131;72;28m▄[48;2;133;73;28m[38;2;136;75;29m▄[48;2;97;55;26m[38;2;122;67;26m▄[48;2;8;50;122m[38;2;62;34;13m▄[48;2;0;62;148m[38;2;4;16;41m▄[48;2;0;62;149m[38;2;4;30;73m▄[48;2;2;51;121m[38;2;3;33;80m▄[48;2;121;66;26m[38;2;94;53;24m▄[48;2;134;74;28m[38;2;133;73;28m▄[48;2;121;76;39m[38;2;146;129;103m▄[48;2;170;152;118m[38;2;166;114;44m▄[48;2;177;117;38m[38;2;177;123;50m▄[48;2;179;125;52m[38;2;39;27;12m▄[0;38;2;13;9;4m▀[m [m [m [m
[m [m [m [m [48;2;105;99;84m[38;2;14;13;11m▄[48;2;120;70;32m[38;2;140;111;80m▄[48;2;136;75;29m[38;2;136;75;29m▄[48;2;129;71;27m[38;2;136;75;29m▄[48;2;133;74;29m[38;2;139;78;31m▄[48;2;133;81;39m[38;2;155;94;45m▄[48;2;13;8;4m[38;2;64;40;20m▄[m [0;38;2;54;29;12m▀[48;2;118;75;41m[38;2;19;16;12m▄[48;2;151;118;69m[38;2;118;81;32m▄[48;2;113;79;34m[38;2;13;9;4m▄[0;38;2;17;12;5m▀[m [m [m [m [m [m
[m [m [m [m [m [0;38;2;79;74;63m▀[48;2;140;96;57m[38;2;99;93;79m▄[48;2;151;90;42m[38;2;166;145;115m▄[48;2;155;95;45m[38;2;151;127;97m▄[48;2;155;96;48m[38;2;33;26;18m▄[0;38;2;28;18;9m▀[m [m [m [m [m [m [m [m [m [m [m [m
[?25h