[s[?25l[m [m [m [m [m [0;38;2;0;59;12m▄[48;2;0;12;2m[38;2;0;180;37m▄[48;2;0;64;13m[38;2;1;182;39m▄[48;2;0;46;9m[38;2;6;174;42m▄[48;2;0;0;0m[38;2;0;76;17m▄[m [m [m [m [m [m [m [m
[m [m [m [0;38;2;0;0;0m▄[48;2;0;44;9m[38;2;0;152;33m▄[48;2;0;186;39m[38;2;0;177;41m▄[48;2;12;175;48m[38;2;59;169;86m▄[48;2;125;195;144m[38;2;167;224;183m▄[48;2;223;237;229m[38;2;87;192;114m▄[48;2;58;141;78m[38;2;107;158;121m▄[48;2;0;0;0m[38;2;0;24;6m▄[0;38;2;0;3;0m▄[m [m [m [m [m [m
[m [m [m [48;2;0;39;9m[38;2;0;82;20m▄[48;2;0;172;42m[38;2;1;166;42m▄[48;2;1;168;42m[38;2;1;159;40m▄[48;2;6;154;44m[38;2;0;118;22m▄[48;2;101;159;113m[38;2;2;122;21m▄[48;2;16;134;40m[38;2;96;137;57m▄[48;2;1;146;33m[38;2;177;135;80m▄[48;2;0;114;28m[38;2;29;22;14m▄[48;2;0;80;19m[38;2;0;0;0m▄[48;2;0;8;2m[38;2;0;0;0m▄[m [m [m [m [m
[m [m [48;2;0;73;15m[38;2;0;98;19m▄[48;2;0;135;29m[38;2;0;138;28m▄[48;2;1;164;41m[38;2;10;128;30m▄[48;2;3;116;27m[38;2;164;111;62m▄[48;2;69;129;47m[38;2;192;144;91m▄[48;2;176;150;92m[38;2;245;200;135m▄[48;2;188;148;97m[38;2;158;130;88m▄[48;2;179;141;93m[38;2;234;192;130m▄[48;2;96;76;50m[38;2;253;203;136m▄[48;2;103;77;49m[38;2;251;189;121m▄[48;2;15;12;8m[38;2;187;137;86m▄[0;38;2;0;0;0m▄[m [m [m [m
[m [m [48;2;0;43;9m[38;2;34;27;18m▄[48;2;105;131;63m[38;2;250;186;118m▄[48;2;151;130;73m[38;2;239;194;131m▄[48;2;116;46;3m[38;2;193;157;105m▄[48;2;129;80;39m[38;2;242;199;135m▄[48;2;254;208;141m[38;2;154;121;80m▄[48;2;254;209;142m[38;2;158;122;80m▄[48;2;254;209;142m[38;2;194;156;104m▄[48;2;254;208;141m[38;2;186;146;97m▄[48;2;253;202;135m[38;2;185;147;98m▄[48;2;218;162;103m[38;2;59;45;29m▄[0;38;2;0;0;0m▀[m [m [m [m
[m [m [0;38;2;21;17;11m▀[48;2;245;182;115m[38;2;69;54;35m▄[48;2;249;202;135m[38;2;129;104;69m▄[48;2;233;192;130m[38;2;113;63;25m▄[48;2;254;209;142m[38;2;169;120;69m▄[48;2;157;125;84m[38;2;253;208;141m▄[48;2;52;21;6m[38;2;167;130;87m▄[48;2;56;22;6m[38;2;123;49;26m▄[48;2;73;42;22m[38;2;152;112;70m▄[0;38;2;36;15;5m▀[0;38;2;1;0;0m▀[0;38;2;6;6;6m▄[0;38;2;59;59;60m▄[0;38;2;57;57;57m▄[m [m
[m [m [m [m [0;38;2;0;5;1m▄[48;2;47;18;0m[38;2;0;51;12m▄[48;2;77;31;1m[38;2;0;80;19m▄[48;2;203;166;112m[38;2;51;82;64m▄[48;2;249;196;129m[38;2;105;120;70m▄[48;2;209;152;95m[38;2;23;51;49m▄[48;2;21;16;10m[38;2;0;1;0m▄[0;38;2;0;0;0m▄[0;38;2;132;133;134m▄[48;2;176;176;178m[38;2;251;252;254m▄[48;2;235;236;237m[38;2;189;190;191m▄[48;2;205;206;207m[38;2;203;204;205m▄[48;2;5;5;5m[38;2;84;84;85m▄[m
[m [0;38;2;62;62;63m▄[48;2;0;0;0m[38;2;219;220;221m▄[48;2;0;47;9m[38;2;178;186;180m▄[48;2;0;124;24m[38;2;26;124;47m▄[48;2;1;150;33m[38;2;0;59;14m▄[48;2;0;125;29m[38;2;0;89;16m▄[48;2;7;98;77m[38;2;6;119;62m▄[48;2;19;86;143m[38;2;41;85;198m▄[48;2;3;148;52m[38;2;36;97;137m▄[48;2;14;80;100m[38;2;35;80;186m▄[48;2;0;124;23m[38;2;70;122;48m▄[48;2;127;157;133m[38;2;26;72;37m▄[48;2;250;251;253m[38;2;190;191;192m▄[48;2;208;209;210m[38;2;160;161;162m▄[48;2;239;239;241m[38;2;135;135;136m▄[48;2;135;135;136m[38;2;16;16;16m▄[m
[48;2;64;64;64m[38;2;108;108;108m▄[48;2;167;168;168m[38;2;233;234;235m▄[48;2;236;237;239m[38;2;151;151;152m▄[48;2;251;252;254m[38;2;251;252;254m▄[48;2;131;132;133m[38;2;174;175;176m▄[48;2;0;3;0m[38;2;1;22;17m▄[48;2;0;125;22m[38;2;2;92;75m▄[48;2;11;109;88m[38;2;24;79;186m▄[48;2;171;160;99m[38;2;99;105;112m▄[48;2;205;185;90m[38;2;118;113;102m▄[48;2;33;83;213m[38;2;34;86;221m▄[48;2;131;112;40m[38;2;20;52;135m▄[0;38;2;0;0;0m▄[0;38;2;0;0;0m▀[m [m [m [m
[0;38;2;36;36;36m▀[48;2;217;217;218m[38;2;30;30;30m▄[48;2;246;247;249m[38;2;85;86;86m▄[48;2;180;181;182m[38;2;34;34;34m▄[48;2;70;70;70m[38;2;17;9;3m▄[48;2;3;22;55m[38;2;51;42;50m▄[48;2;2;63;151m[38;2;0;62;148m▄[48;2;18;75;187m[38;2;5;65;159m▄[48;2;31;84;215m[38;2;17;74;185m▄[48;2;33;85;219m[38;2;47;64;125m▄[48;2;35;76;189m[38;2;128;71;28m▄[48;2;93;70;71m[38;2;132;73;29m▄[48;2;141;87;42m[38;2;147;118;84m▄[48;2;40;25;12m[38;2;150;104;43m▄[0;38;2;16;11;5m▄[m [m [m
[m [m [m [48;2;33;19;9m[38;2;113;95;74m▄[48;2;121;66;27m[38;2;135;74;28m▄[48;2;120;66;26m[38;2;129;71;27m▄[48;2;18;46;99m[38;2;92;51;20m▄[48;2;1;62;149m[38;2;29;22;23m▄[48;2;2;63;151m[38;2;3;16;39m▄[48;2;87;54;34m[38;2;64;40;27m▄[48;2;134;73;28m[38;2;124;75;37m▄[48;2;145;117;87m[38;2;146;119;78m▄[48;2;168;120;54m[38;2;151;104;42m▄[48;2;164;113;46m[38;2;21;15;6m▄[0;38;2;3;2;1m▀[m [m [m
[m [m [m [0;38;2;60;56;48m▀[48;2;127;77;38m[38;2;121;101;77m▄[48;2;135;74;29m[38;2;143;85;39m▄[48;2;138;77;30m[38;2;152;92;43m▄[48;2;147;90;44m[38;2;136;85;42m▄[48;2;3;2;1m[38;2;2;1;0m▄[0;38;2;9;5;2m▀[0;38;2;80;59;35m▀[0;38;2;125;86;34m▀[0;38;2;1;0;0m▀[m [m [m [m [m
[m [m [m [m [0;38;2;13;12;10m▀[0;38;2;108;99;82m▀[0;38;2;110;94;74m▀[0;38;2;12;10;7m▀[m [m [m [m [m [m [m [m [m [m
[?25h