[s[?25l[m [m [m [m [m [m [0;38;2;0;0;0m▄[48;2;0;0;0m[38;2;73;10;10m▄[48;2;0;0;0m[38;2;155;21;21m▄[48;2;0;0;0m[38;2;155;21;21m▄[48;2;0;0;0m[38;2;155;21;21m▄[48;2;0;0;0m[38;2;155;21;21m▄[48;2;0;0;0m[38;2;81;11;11m▄[0;38;2;0;0;0m▄[m [0;38;2;0;0;0m▄[0;38;2;0;0;0m▄[0;38;2;0;0;0m▄[0;38;2;0;0;0m▄[m [m
[m [m [m [m [m [48;2;0;0;0m[38;2;46;6;6m▄[48;2;73;10;10m[38;2;168;23;23m▄[48;2;155;21;21m[38;2;214;30;30m▄[48;2;214;30;30m[38;2;203;28;28m▄[48;2;214;30;30m[38;2;165;23;23m▄[0;38;2;114;16;16m▀[0;38;2;112;15;15m▀[48;2;107;15;15m[38;2;78;11;11m▄[48;2;78;11;11m[38;2;128;18;18m▄[48;2;0;0;0m[38;2;0;0;0m▄[48;2;118;102;80m[38;2;192;167;130m▄[48;2;121;105;82m[38;2;239;208;162m▄[48;2;121;105;82m[38;2;255;222;173m▄[48;2;93;81;63m[38;2;197;172;134m▄[48;2;0;0;0m[38;2;0;0;0m▄[m
[m [m [0;38;2;0;0;0m▄[0;38;2;46;6;6m▄[48;2;0;0;0m[38;2;208;29;29m▄[48;2;208;29;29m[38;2;213;29;29m▄[48;2;214;30;30m[38;2;214;30;30m▄[48;2;214;30;30m[38;2;114;16;16m▄[48;2;165;23;23m[38;2;4;0;0m▄[48;2;0;0;0m[38;2;0;0;0m▄[48;2;0;0;0m[38;2;0;0;0m▄[48;2;0;0;0m[38;2;0;0;0m▄[48;2;0;0;0m[38;2;0;0;0m▄[48;2;0;0;0m[38;2;0;0;0m▄[48;2;0;0;0m[38;2;0;0;0m▄[48;2;0;0;0m[38;2;0;0;0m▄[48;2;184;160;125m[38;2;4;4;3m▄[48;2;255;222;173m[38;2;124;108;84m▄[48;2;197;172;134m[38;2;197;172;134m▄[48;2;0;0;0m[38;2;0;0;0m▄[m
[m [0;38;2;0;0;0m▄[48;2;0;0;0m[38;2;0;0;0m▄[48;2;48;6;6m[38;2;25;3;3m▄[48;2;214;30;30m[38;2;112;15;15m▄[48;2;62;8;8m[38;2;2;0;0m▄[48;2;58;8;8m[38;2;87;76;59m▄[48;2;118;80;63m[38;2;184;160;125m▄[48;2;184;160;125m[38;2;255;222;173m▄[48;2;184;160;125m[38;2;255;222;173m▄[48;2;184;160;125m[38;2;136;119;92m▄[48;2;184;160;125m[38;2;221;193;150m▄[48;2;184;160;125m[38;2;197;171;133m▄[48;2;184;160;125m[38;2;161;140;109m▄[48;2;184;160;125m[38;2;255;222;173m▄[48;2;4;4;3m[38;2;6;5;4m▄[48;2;0;0;0m[38;2;30;30;30m▄[48;2;33;28;22m[38;2;42;42;42m▄[48;2;54;47;36m[38;2;32;32;32m▄[48;2;0;0;0m[38;2;0;0;0m▄[m
[m [48;2;0;0;0m[38;2;0;0;0m▄[48;2;27;23;18m[38;2;121;105;82m▄[48;2;44;38;30m[38;2;197;172;134m▄[48;2;0;0;0m[38;2;0;0;0m▄[48;2;0;0;0m[38;2;0;0;0m▄[48;2;184;160;125m[38;2;184;160;125m▄[48;2;255;222;173m[38;2;255;222;173m▄[48;2;255;222;173m[38;2;255;222;173m▄[48;2;255;222;173m[38;2;255;222;173m▄[48;2;6;5;4m[38;2;6;5;4m▄[48;2;184;160;125m[38;2;184;160;125m▄[48;2;133;116;90m[38;2;133;116;90m▄[48;2;57;49;38m[38;2;57;49;38m▄[48;2;255;222;173m[38;2;255;222;173m▄[48;2;6;5;4m[38;2;6;5;4m▄[48;2;64;64;64m[38;2;64;64;64m▄[48;2;89;89;89m[38;2;89;89;89m▄[48;2;68;68;68m[38;2;68;68;68m▄[48;2;0;0;0m[38;2;0;0;0m▄[m
[48;2;0;0;0m[38;2;0;0;0m▄[48;2;180;156;122m[38;2;184;160;125m▄[48;2;251;219;170m[38;2;255;222;173m▄[48;2;253;220;172m[38;2;255;222;173m▄[48;2;248;216;168m[38;2;255;222;173m▄[48;2;6;5;4m[38;2;6;5;4m▄[48;2;4;4;3m[38;2;134;116;90m▄[48;2;124;108;84m[38;2;218;189;148m▄[48;2;255;222;173m[38;2;213;185;144m▄[48;2;255;222;173m[38;2;70;61;47m▄[48;2;248;216;168m[38;2;250;217;169m▄[48;2;253;220;171m[38;2;255;222;173m▄[48;2;251;219;170m[38;2;255;222;173m▄[48;2;250;217;169m[38;2;255;222;173m▄[48;2;255;222;173m[38;2;255;222;173m▄[48;2;248;216;168m[38;2;255;222;173m▄[48;2;69;61;47m[38;2;70;61;47m▄[48;2;43;43;43m[38;2;42;42;42m▄[48;2;68;68;68m[38;2;68;68;68m▄[48;2;0;0;0m[38;2;0;0;0m▄[m
[0;38;2;0;0;0m▀[48;2;97;84;65m[38;2;0;0;0m▄[48;2;191;166;129m[38;2;93;81;63m▄[48;2;255;222;173m[38;2;210;183;142m▄[48;2;255;222;173m[38;2;255;222;173m▄[48;2;124;108;84m[38;2;255;222;173m▄[48;2;218;189;148m[38;2;255;222;173m▄[48;2;197;171;133m[38;2;161;140;109m▄[48;2;103;90;70m[38;2;57;49;38m▄[48;2;0;0;0m[38;2;57;49;38m▄[48;2;130;113;88m[38;2;1;1;0m▄[48;2;221;193;150m[38;2;143;124;97m▄[48;2;255;222;173m[38;2;197;172;134m▄[48;2;255;222;173m[38;2;197;172;134m▄[48;2;255;222;173m[38;2;197;172;134m▄[48;2;136;119;92m[38;2;4;4;3m▄[48;2;36;32;24m[38;2;14;14;14m▄[48;2;22;22;22m[38;2;10;10;10m▄[48;2;36;36;36m[38;2;0;0;0m▄[0;38;2;0;0;0m▀[m
[m [m [0;38;2;0;0;0m▀[0;38;2;57;49;38m▀[48;2;255;222;173m[38;2;6;5;4m▄[48;2;255;222;173m[38;2;6;5;4m▄[48;2;255;222;173m[38;2;6;5;4m▄[48;2;255;222;173m[38;2;124;108;84m▄[48;2;255;222;173m[38;2;255;222;173m▄[48;2;255;222;173m[38;2;255;222;173m▄[48;2;6;5;4m[38;2;248;216;168m▄[48;2;0;0;0m[38;2;248;216;168m▄[48;2;0;0;0m[38;2;248;216;168m▄[48;2;0;0;0m[38;2;192;167;130m▄[48;2;0;0;0m[38;2;0;0;0m▄[48;2;0;0;0m[38;2;84;84;84m▄[48;2;64;64;64m[38;2;88;88;88m▄[48;2;46;46;46m[38;2;46;46;46m▄[48;2;0;0;0m[38;2;0;0;0m▄[m [m
[m [0;38;2;0;0;0m▄[48;2;0;0;0m[38;2;20;20;20m▄[48;2;14;14;14m[38;2;52;52;52m▄[48;2;64;64;64m[38;2;89;89;89m▄[48;2;64;64;64m[38;2;89;89;89m▄[48;2;64;64;64m[38;2;89;89;89m▄[48;2;67;62;56m[38;2;66;66;66m▄[48;2;70;61;47m[38;2;32;32;32m▄[48;2;70;61;47m[38;2;0;0;0m▄[48;2;70;61;47m[38;2;41;41;41m▄[48;2;70;61;47m[38;2;42;42;42m▄[48;2;70;61;47m[38;2;79;79;79m▄[48;2;54;47;36m[38;2;93;93;93m▄[48;2;0;0;0m[38;2;0;0;0m▄[48;2;86;86;86m[38;2;45;45;45m▄[48;2;42;42;42m[38;2;12;12;12m▄[48;2;12;12;12m[38;2;0;0;0m▄[m [m [m
[0;38;2;0;0;0m▄[48;2;14;14;14m[38;2;64;64;64m▄[48;2;52;52;52m[38;2;89;89;89m▄[48;2;89;89;89m[38;2;89;89;89m▄[48;2;89;89;89m[38;2;89;89;89m▄[48;2;69;69;69m[38;2;2;2;2m▄[48;2;68;68;68m[38;2;0;0;0m▄[48;2;68;68;68m[38;2;0;0;0m▄[48;2;53;53;53m[38;2;0;0;0m▄[m [0;38;2;67;67;67m▀[48;2;110;110;110m[38;2;184;184;184m▄[48;2;160;160;160m[38;2;133;133;133m▄[0;38;2;157;157;157m▀[48;2;20;20;20m[38;2;89;89;89m▄[48;2;0;0;0m[38;2;2;2;2m▄[48;2;0;0;0m[38;2;0;0;0m▄[0;38;2;0;0;0m▄[m [m [m
[48;2;0;0;0m[38;2;0;0;0m▄[48;2;64;64;64m[38;2;64;64;64m▄[48;2;89;89;89m[38;2;57;57;57m▄[48;2;68;68;68m[38;2;60;54;46m▄[48;2;0;0;0m[38;2;191;166;129m▄[48;2;248;216;168m[38;2;253;220;171m▄[48;2;255;222;173m[38;2;255;222;173m▄[48;2;255;222;173m[38;2;255;222;173m▄[48;2;197;172;134m[38;2;240;209;163m▄[48;2;0;0;0m[38;2;191;166;129m▄[0;38;2;4;4;3m▄[m [m [m [48;2;89;89;89m[38;2;89;89;89m▄[48;2;89;89;89m[38;2;89;89;89m▄[48;2;24;24;24m[38;2;24;24;24m▄[48;2;0;0;0m[38;2;0;0;0m▄[m [m [m
[0;38;2;0;0;0m▀[48;2;32;32;32m[38;2;0;0;0m▄[48;2;23;23;23m[38;2;0;0;0m▄[48;2;57;49;38m[38;2;57;49;38m▄[48;2;255;222;173m[38;2;255;222;173m▄[48;2;255;222;173m[38;2;255;222;173m▄[48;2;255;222;173m[38;2;255;222;173m▄[48;2;255;222;173m[38;2;255;222;173m▄[48;2;255;222;173m[38;2;240;209;163m▄[48;2;255;222;173m[38;2;191;166;129m▄[48;2;6;5;4m[38;2;26;25;24m▄[48;2;0;0;0m[38;2;22;22;22m▄[m [0;38;2;37;37;37m▄[48;2;89;89;89m[38;2;89;89;89m▄[48;2;89;89;89m[38;2;67;67;67m▄[48;2;24;24;24m[38;2;18;18;18m▄[48;2;0;0;0m[38;2;0;0;0m▄[m [m [m
[m [0;38;2;0;0;0m▄[48;2;0;0;0m[38;2;0;0;0m▄[48;2;57;49;38m[38;2;0;0;0m▄[48;2;255;222;173m[38;2;0;0;0m▄[48;2;255;222;173m[38;2;0;0;0m▄[48;2;255;222;173m[38;2;0;0;0m▄[48;2;255;222;173m[38;2;0;0;0m▄[48;2;197;172;134m[38;2;20;20;20m▄[48;2;0;0;0m[38;2;89;89;89m▄[48;2;86;86;86m[38;2;89;89;89m▄[48;2;89;89;89m[38;2;89;89;89m▄[48;2;89;89;89m[38;2;89;89;89m▄[48;2;89;89;89m[38;2;68;68;68m▄[48;2;89;89;89m[38;2;0;0;0m▄[48;2;2;2;2m[38;2;0;0;0m▄[48;2;0;0;0m[38;2;0;0;0m▄[48;2;0;0;0m[38;2;0;0;0m▄[48;2;0;0;0m[38;2;0;0;0m▄[0;38;2;0;0;0m▄[m
[48;2;0;0;0m[38;2;0;0;0m▄[48;2;0;0;0m[38;2;0;0;0m▄[48;2;0;0;0m[38;2;0;0;0m▄[48;2;0;0;0m[38;2;0;0;0m▄[48;2;0;0;0m[38;2;0;0;0m▄[48;2;65;65;65m[38;2;86;86;86m▄[48;2;66;66;66m[38;2;89;89;89m▄[48;2;66;66;66m[38;2;89;89;89m▄[48;2;71;71;71m[38;2;89;89;89m▄[48;2;89;89;89m[38;2;89;89;89m▄[48;2;89;89;89m[38;2;45;45;45m▄[48;2;89;89;89m[38;2;44;44;44m▄[48;2;89;89;89m[38;2;44;44;44m▄[48;2;68;68;68m[38;2;34;34;34m▄[48;2;0;0;0m[38;2;0;0;0m▄[48;2;0;0;0m[38;2;0;0;0m▄[48;2;0;0;0m[38;2;0;0;0m▄[48;2;0;0;0m[38;2;0;0;0m▄[48;2;0;0;0m[38;2;0;0;0m▄[48;2;0;0;0m[38;2;0;0;0m▄[m
[48;2;0;0;0m[38;2;0;0;0m▄[48;2;0;0;0m[38;2;0;0;0m▄[48;2;0;0;0m[38;2;0;0;0m▄[48;2;0;0;0m[38;2;0;0;0m▄[48;2;0;0;0m[38;2;0;0;0m▄[48;2;86;86;86m[38;2;86;86;86m▄[48;2;72;72;72m[38;2;24;24;24m▄[48;2;66;66;66m[38;2;0;0;0m▄[48;2;66;66;66m[38;2;0;0;0m▄[48;2;66;66;66m[38;2;0;0;0m▄[0;38;2;1;1;1m▀[0;38;2;0;0;0m▀[0;38;2;0;0;0m▀[0;38;2;0;0;0m▀[48;2;0;0;0m[38;2;0;0;0m▄[48;2;0;0;0m[38;2;0;0;0m▄[48;2;0;0;0m[38;2;0;0;0m▄[48;2;0;0;0m[38;2;0;0;0m▄[48;2;0;0;0m[38;2;0;0;0m▄[48;2;0;0;0m[38;2;0;0;0m▄[m
[0;38;2;0;0;0m▀[48;2;0;0;0m[38;2;0;0;0m▄[48;2;0;0;0m[38;2;0;0;0m▄[48;2;0;0;0m[38;2;0;0;0m▄[48;2;0;0;0m[38;2;0;0;0m▄[48;2;0;0;0m[38;2;0;0;0m▄[0;38;2;0;0;0m▀[m [m [m [m [m [m [m [m [0;38;2;0;0;0m▀[0;38;2;0;0;0m▀[0;38;2;0;0;0m▀[0;38;2;0;0;0m▀[m [m
[?25h